# faod_sphere_maxri   faod_sphere_meanri  faod_sphere_minri   faod_spheroid_maxri faod_spheroid_meanrifaod_spheroid_minri 
           6.838e-05            6.248e-05            5.489e-05            1.460e-04            9.410e-05            9.410e-05
           6.933e-03            6.433e-03            5.704e-03            8.713e-03            6.764e-03            6.764e-03
           1.061e-01            1.043e-01            1.003e-01            9.479e-02            9.191e-02            9.191e-02
           2.078e-01            2.098e-01            2.172e-01            2.429e-01            2.451e-01            2.451e-01
           3.300e-01            3.314e-01            3.278e-01            3.240e-01            3.192e-01            3.192e-01
           2.436e-01            2.427e-01            2.432e-01            2.353e-01            2.393e-01            2.393e-01
           9.451e-02            9.430e-02            9.489e-02            8.477e-02            8.776e-02            8.776e-02
           1.094e-02            1.090e-02            1.088e-02            9.382e-03            9.866e-03            9.866e-03
           5.243e-05            5.232e-05            5.220e-05            4.354e-05            4.631e-05            4.631e-05
           1.588e-13            1.585e-13            1.582e-13            1.288e-13            1.382e-13            1.382e-13
